         beta          |V|          |E|        value         time
growth:
        2.000      1870519     39952910 18065914.000      562.032
        2.828      1459552     24300737 12460995.436      557.184
        4.000      1243894     16628852  9415908.000      855.313
        5.657      1095238     12214008  7521532.157      903.244
        8.000      1031865      9376730  6153970.000      860.983
       11.314       994350      6203944  4943587.028      856.834
       16.000       988618      5003695  4380319.000      875.442
       22.627       984571      4436370  4130950.754      844.325
       32.000       982183      4179895  4005047.000      819.192
       45.255       979097      3995387  3875913.800      810.202
       64.000       979437      3961315  3841187.000      799.890
       90.510       982605      3866535  3796570.770      849.065
      128.000       981634      3803843  3720771.000      865.453
      181.019       976819      3704222  3620229.184      853.913
      256.000       983005      3608473  3561625.000      883.409
method:
MBG
0 1 -?
1 20 0.8 0.8 1.5
