        value     maxValue     avgValue     medValue     variance      avgTime   failCounts
            5    530163.00    530154.16    530154.00        21.33         3.13
           10    530227.00    530159.16    530156.00       218.13         3.12
           15    530223.00    530159.48    530157.00       202.41         3.12
           20    530228.00    530162.36    530156.00       386.55         3.14
           25    530219.00    530158.60    530157.00       187.12         3.13
           30    530169.00    530156.96    530156.00        22.12         3.12
           35    530175.00    530157.52    530157.00        23.61         3.11
           40    530229.00    530159.48    530156.00       218.41         3.14

rounds: 25
beta: 4
method:
MBG
0 1 -3.00
1 ? 0.8 0.8 1.5
