        value     maxValue     avgValue     medValue     variance      avgTime   failCounts
         0.50    380597.00    377918.72    378095.00   2591247.00         1.48
         0.75    380899.00    379201.12    379212.00    707047.15         3.09
         1.00    380116.00    378808.08    378942.00    883107.19         3.10
         1.25    380510.00    378920.40    378903.00    967242.32         3.10
         1.50    380613.00    379642.20    379807.00    550191.36         4.70
         1.75    380304.00    379465.76    379518.00    203460.34         4.84
         2.00    380503.00    379417.08    379582.00    574142.79         4.75
         2.25    380849.00    379587.92    379461.00    468123.99         6.41
         2.50    380467.00    379454.84    379536.00    425525.09         6.44
         2.75    380859.00    379793.96    379946.00    361987.40         7.20
         3.00    380404.00    379572.96    379701.00    256535.96         8.11
         3.25    380833.00    379694.04    379719.00    563621.24         8.17

rounds: 25
beta: 32
method:
MBG
0 1 -31.00
1 20 0.8 0.8 ? 