        value     maxValue     avgValue     medValue     variance      avgTime   failCounts
            5    380925.00    379390.24    379479.00    476918.90         4.79
           10    380748.00    379303.92    379345.00    705518.39         4.77
           15    380911.00    379496.84    379590.00    502572.93         4.70
           20    380637.00    379431.80    379391.00    494043.60         4.79
           25    380611.00    379514.68    379587.00    663361.26         4.79
           30    380275.00    379190.96    379375.00    422909.08         4.65
           35    380485.00    379437.20    379490.00    283213.84         4.67
           40    380537.00    379468.16    379452.00    453504.37         4.76

rounds: 25
beta: 32
method:
MBG
0 1 -31.00
1 ? 0.8 0.8 1.5
