        value     maxValue     avgValue     medValue     variance      avgTime   failCounts
     0.400000    987581.00    985969.56    985942.00    835691.21         8.03
     0.450000    987399.00    986413.12    986343.00    457643.15         8.25
     0.500000    989024.00    986598.80    986511.00    916731.36         8.47
     0.550000    989064.00    986730.72    986756.00    813435.00         9.04
     0.600000    988273.00    986790.00    986833.00   1033549.92        10.16
     0.650000    988932.00    987302.40    987445.00   1204981.92        11.70
     0.700000    988998.00    987486.84    987375.00    484575.01        10.24
     0.750000    989774.00    987790.56    987774.00    886208.49        10.49
     0.800000    989531.00    987956.40    987716.00    788189.28        10.25
     0.850000    989382.00    987992.80    987969.00    446763.36        10.43
     0.900000    989644.00    988182.52    988376.00    863011.37        12.10
     0.950000    989591.00    988079.44    988043.00    717068.25        17.43

rounds: 25
beta: 32
method:
MBG
0 1 -31.00
1 20 ? ? 1.5
