        value     maxValue     avgValue     medValue     variance      avgTime   failCounts
            5    989339.00    988076.00    988141.00    446058.72        10.03
           10    989208.00    988204.68    988425.00    457177.74        10.10
           15    989531.00    987913.00    987816.00    829066.08        10.12
           20    989639.00    988439.40    988678.00    541002.08        10.15
           25    989547.00    987620.24    987811.00    631569.86        10.12
           30    989669.00    987916.24    987800.00    711804.34        10.10
           35    988889.00    987964.20    988034.00    472436.40        10.18
           40    989306.00    987783.88    987951.00    756456.67        10.06

rounds: 25
beta: 32
method:
MBG
0 1 -31.00
1 ? 0.8 0.8 1.5
