        value     maxValue     avgValue     medValue     variance      avgTime   failCounts
     0.400000    530330.00    530150.28    530150.00      1643.00         3.15
     0.450000    530245.00    530153.08    530152.00       411.11         2.71
     0.500000    530225.00    530157.64    530152.00       885.83         2.73
     0.550000    530156.00    530151.44    530152.00        16.09         2.80
     0.600000    530227.00    530160.12    530154.00       388.35         2.92
     0.650000    530226.00    530154.72    530154.00       521.24         2.94
     0.700000    530229.00    530161.00    530155.00       379.84         3.06
     0.750000    530164.00    530157.40    530157.00         8.96         3.10
     0.800000    530223.00    530159.52    530157.00       196.73         3.20
     0.850000    530164.00    530157.68    530157.00        11.66         3.18
     0.900000    530254.00    530164.76    530159.00       552.98         3.36
     0.950000    530238.00    530164.72    530162.00       251.80         3.89

rounds: 25
beta: 4
method:
MBG
0 1 -3.00
1 20 ? ? 1.5
