        value     maxValue     avgValue     medValue     variance      avgTime   failCounts
         0.50   1485294.00   1485127.52   1485156.00      7870.81         3.04
         0.75   1485213.00   1485093.88   1485133.00     15040.43         3.01
         1.00   1485291.00   1485193.48   1485201.00      2526.89         6.38
         1.25   1485272.00   1485181.48   1485201.00      3805.93         6.34
         1.50   1485311.00   1485190.44   1485192.00      2901.21         6.39
         1.75   1485322.00   1485183.72   1485176.00      2464.12         9.74
         2.00   1485273.00   1485189.00   1485202.00      2517.04         9.70
         2.25   1485322.00   1485211.64   1485219.00      2680.87         9.76
         2.50   1485306.00   1485199.88   1485195.00      1963.71        13.07
         2.75   1485297.00   1485225.20   1485231.00      2578.16        13.25
         3.00   1485317.00   1485219.60   1485215.00      2747.52        13.23
         3.25   1485299.00   1485217.24   1485226.00      2857.54        13.16

rounds: 25
beta: 4
method:
MBG
0 1 -3.00
1 20 0.8 0.8 ? 