        value     maxValue     avgValue     medValue     variance      avgTime   failCounts
     0.400000   1485090.00   1484904.08   1484927.00     26019.83         5.34
     0.450000   1485220.00   1484909.08   1484911.00     31052.23         5.39
     0.500000   1485182.00   1485007.60   1485043.00     17362.32         5.50
     0.550000   1485311.00   1485082.68   1485066.00      8494.86         5.65
     0.600000   1485182.00   1485061.88   1485090.00      9254.03         5.65
     0.650000   1485206.00   1485115.48   1485121.00      3226.73         5.88
     0.700000   1485279.00   1485138.44   1485157.00      6923.69         5.95
     0.750000   1485270.00   1485147.36   1485167.00      6445.19         6.08
     0.800000   1485265.00   1485162.64   1485166.00      4247.51         6.31
     0.850000   1485286.00   1485191.48   1485199.00      2559.85         6.48
     0.900000   1485310.00   1485202.36   1485193.00      2325.03         6.91
     0.950000   1485346.00   1485251.80   1485256.00      2642.08         7.97

rounds: 25
beta: 4
method:
MBG
0 1 -3.00
1 20 ? ? 1.5
