        value     maxValue     avgValue     medValue     variance      avgTime   failCounts
     0.400000    380148.00    378678.04    378993.00   1076317.72         3.71
     0.450000    379978.00    378991.40    379112.00    578793.36         3.85
     0.500000    380426.00    378865.80    379028.00    914376.96         3.96
     0.550000    380559.00    378939.04    379097.00    693813.40         4.00
     0.600000    380638.00    379231.56    379221.00    569837.53         4.09
     0.650000    380321.00    379257.04    379487.00    687281.56         4.16
     0.700000    380339.00    379247.68    379247.00    245504.62         4.38
     0.750000    380173.00    379233.12    379404.00    498697.55         4.48
     0.800000    380039.00    379115.36    379126.00    457901.75         4.65
     0.850000    380853.00    379225.32    379365.00    496840.70         4.82
     0.900000    380611.00    379553.64    379520.00    236511.11         5.15
     0.950000    380347.00    379406.84    379570.00    467599.49         5.85

rounds: 25
beta: 32
method:
MBG
0 1 -31.00
1 20 ? ? 1.5
