        value     maxValue     avgValue     medValue     variance      avgTime   failCounts
         0.50    530196.00    530130.28    530154.00     13932.04         1.81
         0.75    530196.00    530146.00    530154.00      1208.88         1.64
         1.00    530230.00    530161.12    530158.00       224.75         3.65
         1.25    530162.00    530156.08    530156.00        11.35         3.89
         1.50    530169.00    530156.44    530156.00        17.69         4.80
         1.75    530237.00    530172.80    530161.00       767.52         6.51
         2.00    530236.00    530166.44    530158.00       523.13         6.74
         2.25    530231.00    530164.20    530159.00       367.68         5.73
         2.50    530254.00    530164.92    530158.00       539.91         7.92
         2.75    530219.00    530162.80    530159.00       238.24         7.69
         3.00    530230.00    530165.92    530160.00       352.95         6.64
         3.25    530239.00    530167.56    530160.00       446.89         8.18

rounds: 25
beta: 4
method:
MBG
0 1 -3.00
1 20 0.8 0.8 ? 