        value     maxValue     avgValue     medValue     variance      avgTime   failCounts
            5   1485287.00   1485182.24   1485189.00      2929.62         6.36
           10   1485286.00   1485172.40   1485185.00      3057.04         6.31
           15   1485404.00   1485190.72   1485190.00      6678.12         6.46
           20   1485299.00   1485183.44   1485181.00      2878.41         6.41
           25   1485280.00   1485178.64   1485175.00      3031.99         6.34
           30   1485267.00   1485174.40   1485188.00      4625.92         6.45
           35   1485313.00   1485162.04   1485193.00      8625.64         6.46
           40   1485304.00   1485191.20   1485198.00      4931.76         6.38

rounds: 25
beta: 4
method:
MBG
0 1 -3.00
1 ? 0.8 0.8 1.5
