        value     maxValue     avgValue     medValue     variance      avgTime   failCounts
         0.50    989823.00    987280.80    987696.00   3029065.44         3.12
         0.75    990157.00    987842.08    987835.00    971987.43         6.55
         1.00    989310.00    987142.12    986975.00   1042139.07         6.52
         1.25    990020.00    987430.80    987451.00   1669546.56         6.49
         1.50    990421.00    987927.80    987899.00    999285.28         9.93
         1.75    989453.00    987885.88    987833.00    496857.63        10.08
         2.00    989866.00    988129.76    988024.00    588652.26        13.41
         2.25    990118.00    988022.80    987892.00    692082.00        13.45
         2.50    989508.00    988290.08    988549.00    481987.75        13.53
         2.75    989631.00    988497.28    988436.00    315837.08        17.03
         3.00    990061.00    988201.96    988197.00    456642.92        17.13
         3.25    989737.00    988242.64    988216.00    435333.03        20.65

rounds: 25
beta: 32
method:
MBG
0 1 -31.00
1 20 0.8 0.8 ? 