         name       avgVal       varVal       medVal      optimal          |V|          |E|      avgTime
     cloister     3.673505     0.008486     3.692308     3.692308           13           58        0.005
     congress     3.190208     0.003054     3.202703     3.294118           51          172        0.010
     highland     3.066256     0.004542     3.090909     3.090909           11           34        0.004
      bitcoin    14.686914     0.045315    14.738255    15.194030          201         3330        0.168
     epinions    85.298771     0.007662    85.269373    85.585185          270        23122        2.191
     slashdot    41.123742     0.035161    41.192118    41.400990          202         8585        0.532
      twitter    87.233577     0.002959    87.201767    87.327434          678        59650        0.607
     conflict    95.089792     0.024590    95.096130    95.348120         2367       245965        2.938
    elections    36.253054     0.011219    36.270942    36.384203          747        32025        2.854
     politics    44.240145     0.184068    44.216617    44.961268          568        27258        4.780

rounds: 25
method:
MDBG
1 -1
1 0.6 0.6 6
