         name     minValue     maxValue     avgValue     variance      avgTime
      bitcoin    15578.000    15619.000    15604.970       24.929        0.054
     epinions   472158.000   472240.000   472195.910      314.542        3.244
     slashdot   231988.000   233149.000   232957.750    17520.607        2.236
      twitter   197072.000   209701.000   209097.250  4455495.567        0.485
     conflict  1292253.000  1293741.000  1293318.720    84706.062       10.231
    elections    42206.000    42358.000    42276.470     1031.109        0.302
     politics   470534.000   470905.000   470642.530     4042.429        5.056

rounds: 100
method:
MBG
0 1 -7
1 20 0.8 0.8 1.5
