         name     minValue     maxValue     avgValue     variance      avgTime
      bitcoin    14864.000    15523.000    15499.090     4977.262        0.038
     epinions   462237.000   471120.000   470536.430  1301027.105        2.040
     slashdot   223054.000   232757.000   232110.460  1564480.148        1.456
      twitter   187549.000   209701.000   208051.150 30265009.188        0.404
     conflict  1284391.000  1289332.000  1288405.100   430597.570        7.441
    elections    40819.000    42187.000    41981.070    33946.605        0.231
     politics   470347.000   470764.000   470576.230     4289.937        3.322

rounds: 100
method:
MBG
0 1 -7
1 20 0 0 1.5
