         beta          |V|          |E|        value         time
bitcoin:
        2.000         5857        21445    18907.000      134.802
        2.828         5716        20577    18028.972      130.510
        4.000         5545        19582    17146.000      132.562
        5.657         5431        18504    16388.282      135.784
        8.000         5301        17487    15623.000      134.197
       11.314         5231        16542    14991.982      136.541
       16.000         5182        15672    14616.000      139.408
       22.627         5102        15023    14321.563      136.848
       32.000         5061        14455    14039.000      134.930
       45.255         5060        14114    13887.725      136.699
       64.000         5036        13859    13795.000      135.145
       90.510         5042        13898    13807.490      136.087
      128.000         5002        13746    13746.000      133.726
      181.019         5002        13746    13746.000      134.783
      256.000         5002        13746    13746.000      133.577
twitter:
        2.000        10834       251118   228448.000     2385.236
        2.828        10466       238245   222255.488     2509.755
        4.000        10138       231979   216739.000     2494.998
        5.657         9963       226860   211625.699     2540.933
        8.000         9649       209941   209701.000     2495.816
       11.314         9633       209700   209654.744     2561.091
       16.000         9632       209688   209640.000     2496.158
       22.627         9628       209633   209633.000     2551.291
       32.000         9628       209633   209633.000     2519.979
       45.255         9628       209633   209633.000     2552.759
       64.000         9628       209633   209633.000     2517.462
       90.510         9628       209633   209633.000     2565.241
      128.000         9628       209633   209633.000     2532.968
      181.019         9628       209633   209633.000     2535.534
      256.000         9628       209633   209633.000     2490.839
elections:
        2.000         7054       100613    70861.000      590.928
        2.828         6283        86354    61312.060      646.388
        4.000         5631        72940    53532.000      647.611
        5.657         5174        63386    47444.574      674.405
        8.000         4894        55716    42372.000      668.183
       11.314         4653        48991    38344.526      691.658
       16.000         4380        42246    35446.000      686.230
       22.627         4230        38057    33395.838      695.226
       32.000         4105        35240    31880.000      694.966
       45.255         4061        33563    30847.700      704.058
       64.000         3933        30662    29830.000      689.417
       90.510         3944        29581    29309.470      696.638
      128.000         3922        28877    28877.000      682.324
      181.019         3872        28666    28666.000      685.675
      256.000         3970        28453    28453.000      678.560
method:
MBG
0 1 -?
1 20 0.8 0.8 1.5
