         name          |V|         2|E|        value         time
       growth      1870521     79906008        3.651      580.476
      bitcoin         5875        42978       16.632        0.084
     epinions       119130      1408534       13.309        4.129
     slashdot        82140      1000962        6.652        3.145
      twitter        10864       502792       21.908        0.568
     conflict       112998      4049364       12.519        7.034
    elections         7066       201334        6.754        0.225
     politics       137740      1430668       14.052        3.869

method:
MBG
0 1 -1
1 20 0.8 1 1.5
