             beta           max|V|           max|E|         avgValue         maxValue         varValue          avgTime
growth:
                2            37940           836264       517218.000       517218.000            0.000          297.299
            2.828            37940           836264       385064.361       385064.361            0.000          297.299
            4.000            37940           836264       198172.000       198172.000            0.000          297.299
            5.657                0                0            0.000            0.000            0.000          297.299
            8.000                0                0            0.000            0.000            0.000          297.299
           11.314                0                0            0.000            0.000            0.000          297.299
           16.000                0                0            0.000            0.000            0.000          297.299
           22.627                0                0            0.000            0.000            0.000          297.299
           32.000                0                0            0.000            0.000            0.000          297.299
           45.255                0                0            0.000            0.000            0.000          297.299
           64.000                0                0            0.000            0.000            0.000          297.299
           90.510                0                0            0.000            0.000            0.000          297.299
          128.000                0                0            0.000            0.000            0.000          297.299
          181.019                0                0            0.000            0.000            0.000          297.299
          256.000                0                0            0.000            0.000            0.000          297.299
   1000000000.000                0                0            0.000            0.000            0.000          297.299

method: eigensign
