         name          |V|          |E|        value         time
      bitcoin         4935        13050     13050.00        0.058
     epinions        84165       302152    302152.00        5.247
     slashdot        55968       181069    181069.00        3.322
      twitter         9628       209633    209633.00        0.519
     conflict        65468       746640    746640.00        9.579
    elections         3926        26478     26478.00        0.312
     politics        72431       317384    317384.00        4.749

method:
MBG
0 1 -10000000
1 20 0.8 0.8 1.5
